PAGE_ONE_DATA = {
    "unique_users": 3115,
    "unique_author_sets": 325,
    "most_popular_authors": "Arlinda Huel",
    "best_buyer_ids": [45062, 46955, 44850],
    "top_5_days_data": [
        {"Rank": 1, "Date": "2025-11-14", "Revenue": 3911.974},
        {"Rank": 2, "Date": "2025-01-21", "Revenue": 3509.696},
        {"Rank": 3, "Date": "2024-10-12", "Revenue": 3499.118},
        {"Rank": 4, "Date": "2024-01-25", "Revenue": 3423.408},
        {"Rank": 5, "Date": "2024-11-09", "Revenue": 3283.918},
    ],
    "daily_revenue_data": "daily_revenue_data_1.csv"
}

PAGE_TWO_DATA = {
    "unique_users": 2987,
    "unique_author_sets": 701,
    "most_popular_authors": "Paul Brown & Anne Lee",
    "best_buyer_ids": [33, 490],
    "top_5_days_data": [
        {"Rank": 1, "Date": "2025-03-11", "Revenue": 13310.50},
        {"Rank": 2, "Date": "2025-04-05", "Revenue": 12870.10},
        {"Rank": 3, "Date": "2025-01-29", "Revenue": 12105.60},
        {"Rank": 4, "Date": "2024-12-22", "Revenue": 11930.00},
        {"Rank": 5, "Date": "2024-11-18", "Revenue": 11520.75},
    ],
    "daily_revenue_data": [
        {"date": "2024-11-18", "daily_revenue": 11520.75},
        {"date": "2024-12-22", "daily_revenue": 11930.00},
        {"date": "2025-01-29", "daily_revenue": 12105.60},
        {"date": "2025-03-11", "daily_revenue": 13310.50},
        {"date": "2025-04-05", "daily_revenue": 12870.10},
    ]
}

PAGE_THREE_DATA = {
    "unique_users": 3120,
    "unique_author_sets": 694,
    "most_popular_authors": "Emma Carter",
    "best_buyer_ids": [7, 8, 912, 1450],
    "top_5_days_data": [
        {"Rank": 1, "Date": "2025-06-14", "Revenue": 14100.20},
        {"Rank": 2, "Date": "2025-05-30", "Revenue": 13750.45},
        {"Rank": 3, "Date": "2025-02-09", "Revenue": 12640.00},
        {"Rank": 4, "Date": "2024-09-01", "Revenue": 12010.99},
        {"Rank": 5, "Date": "2024-08-17", "Revenue": 11880.35},
    ],
    "daily_revenue_data": [
        {"date": "2024-08-17", "daily_revenue": 11880.35},
        {"date": "2024-09-01", "daily_revenue": 12010.99},
        {"date": "2025-02-09", "daily_revenue": 12640.00},
        {"date": "2025-05-30", "daily_revenue": 13750.45},
        {"date": "2025-06-14", "daily_revenue": 14100.20},
    ]
}